01000010
10111100
00110101
10001100
00011101
11111101
11001101
01111101
10010011
11110101
11000000
01010001
00011011
00110010
10000001
00000110
10111110
00000100
10100111
00111011
11111001
11100000
10011101
00010100
11001000
11110001
00010010
00011110
10110010
00101001
11110101
10101001
01101101
10110010
11110001
00111001
00001100
00001000
01100100
10001001
01001000
11011101
01100111
11010011
11111010
00011101
11101011
11010111
00010110
00000001
01000111
01011110
01111011
10111010
10010001
10100011
01011010
10111100
00101010
11100101
00111001
11001111
10011100
01100010
01101000
11111000
01001100
00000001
01011100
11000101
01110001
10011000
00000011
10111000
01000011
01000101
10011111
10010001
00100010
11100011
10010100
00111110
11010110
00011010
10000011
01110001
10011101
11011011
11001011
01001011
01000000
00000011
01001000
01100011
11100000
11001110
11111011
11101000
01011011
11000100
11100111
01001011
11001011
01111100
00010110
01101111
10010000
10010001
11111001
00101100
00101110
00100111
01001101
01010010
11010110
01000011
11101110
11111010
01101010
00010010
11000101
01100011
00001101
10001001
10000100
00110011
00001110
01000100
11101010
11010110
10000011
11000001
11111110
10011101
01111010
01000001
00011100
01001110
00011101
01111000
10110010
11101101
11101110
01111110
01000111
01001010
10111000
00001111
00110010
10001001
01111111
10010000
00010100
00001000
10010111
10110011
10000110
11101111
11111000
11100011
10000110
01111010
00111000
01010111
10100101
00111001
10010111
01110011
10110110
10110110
00010001
01110101
01011001
01111000
11110101
10111101
00010011
10000011
01000111
01101010
11100101
10101001
00011000
00001100
11010101
01111100
11110010
00011011
10010101
01000010
01100100
11110010
10111001
11001110
01101101
10000000
11010001
11011000
11010011
11100010
00010101
10100100
10110011
11100101
11001010
01101000
00101101
10010110
01111100
10001111
01000110
11011100
10011001
10100000
00100111
01000101
11101110
10001011
11110111
01010011
00000111
00101001
01101010
01001111
01010000
00010100
11110111
10000010
00110010
00111011
10101010
10100100
11111110
10011110
01100111
11101010
11110010
10100110
10110111
11001000
01000011
10000011
10111111
11010110
00001000
11001101
00000111
10000111
01010001
01001010
10010100
00111101
11010000
11011101
11110101
10111000